19,
780,
796,
581,
765,
858,
386,
43,
449,
884,
555,
10,
7,
104,
-265,
-478,
103,
760,
635,
240,
347,
501,
90,
-231,
273,
910,
749,
277,
333,
527,
234,
55,
692,
1423,
1292,
773,
722,
757,
249,
-209,
111,
571,
318,
-154,
-63,
129,
-212,
-452,
133,
851,
779,
373,
433,
559,
135,
-253,
112,
615,
387,
-145,
-185,
-51,
-328,
-493,
127,
919,
963,
596,
593,
663,
215,
-226,
91,
611,
394,
-182,
-213,
15,
-257,
-609,
-206,
478,
456,
11,
5,
148,
-275,
-778,
-531,
-54,
-297,
-862,
-876,
-691,
-1022,
-1323,
-777,
36,
124,
-164,
-20,
216,
-107,
-443,
-30,
572,
438,
-64,
-104,
40,
-251,
-476,
113,
956,
1043,
624,
528,
527,
-40,
-706,
-593,
-115,
-290,
-899,
-983,
-663,
-731,
-945,
-493,
288,
422,
77,
124,
387,
116,
-305,
25,
715,
681,
89,
-97,
36,
-250,
-642,
-306,
373,
383,
-81,
-122,
61,
-328,
-933,
-811,
-266,
-330,
-886,
-1043,
-872,
-1055,
-1269,
-726,
147,
302,
-104,
-162,
14,
-322,
-847,
-656,
-43,
-33,
-532,
-633,
-411,
-629,
-1036,
-706,
139,
447,
187,
205,
452,
172,
-401,
-317,
261,
285,
-236,
-328,
52,
75,
-148,
265,
1110,
1311,
885,
809,
1058,
780,
211,
403,
1141,
1214,
589,
314,
469,
219,
-254,
24,
851,
1099,
739,
707,
971,
682,
27,
13,
538,
546,
-38,
-308,
-150,
-271,
-560,
-192,
662,
953,
570,
396,
562,
330,
-241,
-256,
271,
346,
-173,
-370,
-89,
-148,
-564,
-384,
438,
814,
462,
266,
447,
256,
-281,
-218,
422,
528,
-73,
-372,
-163,
-283,
-716,
-459,
495,
982,
726,
632,
883,
673,
34,
-24,
552,
688,
163,
-91,
140,
70,
-316,
-85,
781,
1177,
804,
554,
692,
463,
-181,
-285,
302,
564,
141,
-143,
26,
-43,
-472,
-408,
316,
751,
527,
390,
629,
571,
107,
78,
620,
762,
174,
-268,
-182,
-259,
-651,
-495,
366,
867,
552,
255,
369,
178,
-478,
-685,
-227,
-110,
-675,
-984,
-668,
-563,
-887,
-689,
257,
852,
613,
427,
710,
697,
170,
70,
679,
970,
472,
35,
117,
0,
-575,
-715,
-73,
408,
178,
-46,
165,
133,
-418,
-647,
-177,
125,
-220,
-458,
-158,
-29,
-373,
-336,
427,
929,
615,
308,
547,
615,
141,
-39,
477,
760,
246,
-273,
-245,
-302,
-765,
-826,
-145,
333,
37,
-310,
-233,
-355,
-909,
-1038,
-418,
-24,
-396,
-732,
-505,
-411,
-803,
-829,
-81,
489,
255,
-22,
228,
324,
-159,
-404,
68,
394,
-22,
-437,
-286,
-240,
-713,
-876,
-248,
246,
-76,
-488,
-373,
-371,
-945,
-1302,
-887,
-522,
-904,
-1384,
-1317,
-1219,
-1498,
-1429,
-553,
255,
251,
31,
204,
222,
-337,
-711,
-354,
-58,
-504,
-1027,
-973,
-934,
-1417,
-1668,
-1089,
-484,
-629,
-901,
-569,
-177,
-324,
-395,
225,
860,
770,
459,
578,
711,
473,
562,
1456,
2262,
2135,
1663,
1616,
1529,
867,
332,
634,
1079,
803,
287,
276,
338,
-67,
-258,
432,
1223,
1177,
798,
903,
1066,
695,
424,
914,
1413,
1056,
433,
373,
416,
-40,
-330,
208,
773,
447,
-187,
-263,
-225,
-739,
-1194,
-866,
-407,
-691,
-1226,
-1181,
-923,
-1077,
-1133,
-455,
306,
283,
-96,
-57,
42,
-375,
-742,
-375,
104,
-177,
-779,
-898,
-878,
-1307,
-1591,
-995,
-170,
-66,
-267,
41,
406,
66,
-410,
-114,
458,
318,
-210,
-239,
-2,
-169,
-327,
203,
848,
690,
120,
-18,
-33,
-572,
-1082,
-751,
-146,
-280,
-832,
-919,
-777,
-1057,
-1283,
-686,
185,
347,
107,
332,
769,
687,
458,
847,
1426,
1295,
743,
627,
763,
481,
141,
495,
1128,
1109,
638,
518,
576,
155,
-360,
-170,
333,
210,
-275,
-215,
173,
66,
-206,
274,
1160,
1373,
1042,
1090,
1373,
1075,
511,
619,
1083,
864,
145,
-103,
-23,
-423,
-954,
-659,
131,
313,
-32,
-21,
212,
-76,
-553,
-340,
228,
161,
-356,
-389,
-41,
-96,
-315,
139,
977,
1179,
788,
654,
756,
435,
-40,
158,
746,
719,
160,
-8,
196,
7,
-373,
-53,
758,
1002,
663,
628,
869,
596,
21,
109,
670,
614,
-49,
-313,
-131,
-341,
-824,
-653,
24,
135,
-364,
-542,
-361,
-615,
-1153,
-1046,
-442,
-401,
-976,
-1243,
-1132,
-1394,
-1875,
-1673,
-937,
-734,
-1149,
-1290,
-1077,
-1256,
-1706,
-1545,
-882,
-732,
-1191,
-1374,
-1161,
-1262,
-1566,
-1197,
-256,
170,
-121,
-269,
-94,
-312,
-871,
-871,
-291,
-127,
-560,
-707,
-387,
-395,
-787,
-656,
66,
376,
34,
-121,
82,
-119,
-676,
-599,
128,
368,
-144,
-447,
-276,
-397,
-826,
-619,
230,
621,
318,
242,
558,
422,
-165,
-197,
399,
539,
-22,
-329,
-91,
-77,
-382,
-155,
626,
907,
418,
77,
203,
53,
-499,
-561,
77,
480,
256,
106,
294,
186,
-248,
-133,
654,
1102,
828,
621,
779,
592,
-50,
-227,
262,
417,
-145,
-555,
-415,
-437,
-810,
-661,
207,
753,
513,
304,
544,
539,
93,
84,
762,
1143,
774,
471,
643,
592,
122,
126,
847,
1247,
856,
534,
718,
648,
52,
-150,
388,
699,
290,
-25,
204,
265,
-90,
26,
909,
1536,
1358,
1146,
1349,
1280,
706,
534,
1110,
1433,
930,
392,
374,
261,
-245,
-329,
351,
848,
583,
297,
494,
500,
-33,
-265,
233,
555,
104,
-371,
-295,
-274,
-640,
-600,
192,
766,
532,
277,
524,
527,
-106,
-457,
-8,
305,
-217,
-813,
-817,
-829,
-1279,
-1382,
-669,
-59,
-285,
-683,
-605,
-596,
-1075,
-1296,
-776,
-326,
-578,
-849,
-569,
-378,
-714,
-762,
14,
734,
631,
310,
373,
258,
-409,
-802,
-393,
-43,
-435,
-848,
-607,
-329,
-555,
-585,
129,
803,
720,
474,
708,
904,
608,
500,
1081,
1544,
1169,
587,
516,
490,
36,
-166,
436,
1047,
870,
474,
558,
586,
-18,
-539,
-239,
226,
15,
-387,
-269,
-92,
-401,
-531,
137,
824,
663,
219,
290,
393,
-93,
-511,
-153,
290,
-36,
-593,
-598,
-524,
-991,
-1328,
-795,
-114,
-227,
-648,
-544,
-349,
-734,
-1096,
-634,
76,
116,
-167,
-36,
177,
-44,
-113,
560,
1258,
1144,
733,
794,
875,
375,
-51,
336,
848,
546,
-119,
-287,
-265,
-667,
-956,
-421,
348,
440,
182,
303,
462,
76,
-297,
75,
637,
521,
132,
256,
510,
212,
-97,
376,
1050,
940,
400,
298,
312,
-256,
-860,
-636,
-124,
-343,
-941,
-992,
-770,
-1016,
-1281,
-744,
82,
204,
-59,
151,
523,
318,
8,
436,
1106,
1019,
467,
343,
421,
26,
-364,
87,
882,
987,
621,
614,
730,
282,
-287,
-136,
321,
168,
-302,
-220,
161,
97,
-32,
590,
1515,
1701,
1294,
1137,
1106,
587,
0,
156,
635,
466,
-99,
-147,
141,
-36,
-391,
-53,
668,
778,
410,
433,
