111,
136,
199,
281,
381,
503,
656,
856,
1119,
1475,
1954,
2592,
3403,
4357,
5329,
6063,
6206,
5530,
4568,
4861,
5780,
5321,
4725,
5651,
5049,
5195,
5381,
5037,
5380,
5172,
5107,
5536,
4822,
5358,
5583,
4858,
4816,
5575,
5996,
5748,
5041,
4172,
3341,
2642,
2094,
1685,
1382,
1160,
995,
871,
775,
699,
640,
590,
549,
514,
484,
459,
435,
415,
398,
382,
368,
354,
343,
331,
322,
312,
303,
295,
287,
280,
273,
267,
261,
255,
250,
245,
240,
236,
231,
227,
223,
219,
215,
212,
208,
205,
202,
199,
196,
193,
190,
188,
185,
182,
180,
178,
175,
173,
171,
169,
167,
165,
163,
161,
159,
158,
156,
154,
152,
151,
150,
147,
147,
145,
143,
142,
141,
139,
138,
137,
135,
135,
133,
132,
131,
130,
129,
128,
126,
126,
124,
124,
122,
121,
120,
120,
118,
118,
116,
116,
115,
114,
113,
112,
112,
111,
110,
110,
109,
108,
107,
107,
105,
105,
104,
104,
103,
103,
102,
101,
100,
100,
99,
99,
98,
97,
97,
96,
96,
95,
95,
94,
94,
93,
93,
92,
91,
91,
91,
90,
90,
89,
89,
88,
88,
88,
87,
86,
86,
85,
85,
85,
84,
84,
84,
83,
83,
83,
82,
81,
81,
81,
80,
80,
80,
79,
79,
78,
78,
78,
78,
78,
77,
77,
76,
76,
75,
75,
75,
74,
75,
74,
74,
73,
73,
73,
73,
73,
73,
72,
72,
72,
71,
71,
70,
70,
70,
69,
69,
69,
69,
69,
68,
68,
68,
68,
68,
67,
67,
67,
67,
66,
66,
66,
66,
66,
66,
65,
65,
65,
65,
64,
64,
64,
64,
64,
64,
63,
63,
63,
63,
63,
62,
62,
62,
62,
62,
61,
61,
61,
61,
61,
61,
60,
60,
60,
60,
60,
60,
59,
60,
59,
59,
59,
59,
59,
59,
59,
58,
58,
58,
58,
57,
57,
57,
57,
56,
57,
57,
57,
57,
56,
56,
56,
56,
56,
56,
56,
55,
56,
55,
55,
55,
55,
55,
55,
55,
55,
55,
54,
54,
54,
54,
54,
53,
53,
53,
54,
53,
54,
54,
53,
53,
53,
53,
53,
53,
53,
53,
53,
52,
52,
53,
53,
52,
53,
52,
52,
52,
51,
51,
51,
52,
52,
51,
51,
51,
51,
51,
51,
51,
51,
50,
51,
50,
51,
50,
50,
51,
50,
50,
50,
50,
50,
50,
50,
50,
49,
49,
49,
49,
49,
49,
50,
49,
49,
50,
49,
49,
49,
48,
49,
48,
49,
48,
49,
48,
48,
48,
48,
48,
48,
49,
48,
48,
48,
48,
48,
48,
48,
48,
48,
48,
48,
48,
48,
48,
47,
48,
48,
47,
47,
48,
47,
47,
47,
47,
47,
47,
47,
47,
47,
47,
47,
48,
47,
47,
47,
47,
47,
47,
47,
46,
46,
46,
46,
47,
47,
46,
46,
47,
47,
47,
46,
47,
46,
46,
46,
46,
46,
47,
46,
47,
46,
47,
46,
46,
46,
46,
46,
46,
46,
46,
46,
46,
47,
46,
46,
46,
46,
46,
46,
46,
46,
46,
46,
46,
46,
47,
46,
46,
46,
46,
46,
46,
46,
46,
46,
46,
46,
46,
0,
-17536,
0,
1,
0,
-16384,
17467,
29476,
-128,
16384,
-30863,
14786,
16384,
-32487,
16384,
-20819,
-25511,
5970,
-7990,
-10604,
-14836,
0,
0,
0,
0,
0,
0,
0,
0,
0,
0,
0,
0,
0,
0,
0,
0,
0,
0,
0,
0,
0,
0,
29856,
-112,
2832,
0,
0,
0,
31408,
-112,
0,
0,
29852,
-112,
31024,
-112,
24,
0,
0,
0,
0,
0,
20520,
-112,
8580,
-96,
29968,
-128,
24,
0,
0,
0,
29864,
-112,
20508,
-112,
7896,
-96,
29968,
-128,
520,
0,
0,
0,
25938,
30067,
29804,
29472,
26473,
24942,
8300,
26223,
12576,
12848,
8244,
24947,
28781,
25964,
8307,
24947,
25974,
8292,
28265,
11808,
23598,
29299,
23651,
24441,
26995,
28263,
27745,
29742,
29816,
2592,
27745,
28448,
8294,
12337,
13362,
29472,
28001,
27760,
29541,
10,
0,
0,
12852,
11319,
13322,
12338,
11312,
11530,
13107,
13616,
2604,
12589,
13872,
12592,
2604,
12589,
12855,
13105,
2604,
12845,
14130,
12593,
2604,
12845,
14134,
13363,
2604,
12845,
12345,
13873,
2604,
12845,
13369,
13616,
2604,
12845,
14391,
14646,
2604,
12845,
13620,
14128,
2604,
12589,
13625,
13363,
2604,
12589,
12851,
13367,
2604,
13869,
13105,
11318,
12554,
12596,
11314,
14346,
14136,
11315,
12554,
14133,
12853,
2604,
12594,
14645,
11315,
12810,
12342,
14128,
2604,
14386,
14646,
11319,
12810,
13369,
12600,
2604,
14386,
12339,
11314,
12810,
12853,
13619,
2604,
12338,
14388,
11312,
12554,
13108,
12853,
2604,
12855,
14389,
2604,
13101,
14386,
2604,
14125,
14648,
11320,
11530,
13361,
13369,
11313,
11530,
12338,
14393,
11315,
11530,
13618,
12598,
11316,
11530,
14386,
12597,
11318,
11530,
14642,
14644,
11313,
11530,
14386,
13876,
11320,
11530,
13618,
12597,
11313,
11530,
12338,
12600,
11321,
11274,
12554,
13107,
13880,
2604,
14641,
13108,
11320,
12810,
12852,
14393,
2604,
14130,
13878,
11318,
12810,
13113,
12339,
2604,
14642,
14385,
11315,
12810,
12855,
12595,
2604,
13106,
14389,
11321,
12554,
13368,
12600,
2604,
12849,
12850,
11313,
13578,
14641,
11316,
11530,
12594,
12598,
2604,
14637,
14387,
11319,
11530,
13873,
13104,
11313,
11530,
12594,
14134,
11318,
11530,
13618,
13881,
11318,
11530,
14386,
12854,
11319,
11530,
14642,
14644,
11312,
11530,
14386,
14644,
11317,
11530,
13618,
12343,
11313,
11530,
12594,
14386,
11312,
11530,
13617,
12597,
11312,
11530,
80,
0,
0,
0,
8410,
3,
30854,
-112,
30512,
-112,
31024,
-112,
30512,
-112,
31024,
-112,
30512,
-112,
14386,
2604,
50,
14134,
11314,
12810,
13113,
13876,
2604,
14642,
13105,
11320,
12810,
12343,
14389,
2604,
13106,
13106,
11316,
12554,
14647,
12593,
520,
0,
0,
0,
12554,
13108,
14648,
2604,
13874,
13360,
2604,
13105,
12337,
11318,
12554,
12595,
13872,
2604,
12593,
12595,
11318,
12554,
13618,
13365,
2604,
13361,
13366,
11319,
12554,
13618,
13113,
2604,
12853,
11312,
12298,
2604,
11312,
12298,
2604,
12849,
13621,
11316,
12554,
12595,
14384,
2604,
13361,
13366,
11320,
12810,
12342,
11316,
12554,
14387,
13367,
2604,
13105,
13875,
11312,
12810,
12342,
11316,
12554,
12595,
13616,
2604,
12849,
13107,
11319,
12554,
13105,
14385,
2604,
12849,
13621,
11316,
12554,
13618,
13625,
2604,
13105,
14136,
11314,
12810,
12342,
11316,
12554,
13618,
13113,
2604,
12849,
14645,
11317,
12554,
13105,
14385,
14387,
11317,
12554,
13108,
14136,
2604,
12593,
12595,
11319,
12554,
13618,
13365,
2604,
13105,
12337,
11320,
12554,
12596,
13875,
2604,
13874,
13360,
2604,
12849,
14645,
11315,
12554,
13618,
13625,
2604,
12593,
12595,
11321,
12554,
