19,
780,
795,
580,
764,
857,
385,
42,
448,
883,
554,
10,
7,
104,
-265,
-478,
103,
759,
634,
239,
346,
500,
89,
-231,
273,
909,
748,
277,
333,
527,
234,
55,
692,
1422,
1291,
772,
721,
756,
249,
-209,
111,
570,
317,
-154,
-63,
129,
-212,
-452,
133,
850,
778,
372,
432,
558,
135,
-253,
112,
614,
386,
-145,
-185,
-51,
-328,
-493,
127,
918,
962,
595,
592,
662,
215,
-226,
91,
610,
393,
-182,
-213,
15,
-257,
-609,
-206,
477,
455,
10,
4,
147,
-275,
-778,
-531,
-55,
-298,
-862,
-876,
-691,
-1022,
-1323,
-777,
35,
123,
-165,
-21,
215,
-108,
-443,
-30,
571,
437,
-64,
-104,
40,
-251,
-476,
113,
955,
1042,
623,
527,
526,
-41,
-706,
-593,
-116,
-291,
-899,
-983,
-663,
-731,
-945,
-493,
287,
421,
76,
123,
386,
115,
-305,
25,
714,
680,
89,
-97,
36,
-250,
-642,
-306,
372,
382,
-82,
-123,
60,
-329,
-933,
-811,
-267,
-331,
-886,
-1043,
-872,
-1055,
-1269,
-726,
146,
301,
-105,
-163,
13,
-323,
-847,
-656,
-44,
-34,
-532,
-633,
-411,
-629,
-1036,
-706,
138,
446,
186,
204,
451,
171,
-401,
-317,
260,
284,
-236,
-328,
52,
75,
-148,
265,
1109,
1310,
884,
808,
1057,
779,
211,
403,
1140,
1213,
589,
314,
469,
219,
-254,
24,
850,
1098,
738,
706,
970,
681,
27,
13,
537,
545,
-38,
-308,
-150,
-271,
-560,
-192,
661,
952,
569,
395,
561,
329,
-241,
-256,
270,
345,
-173,
-370,
-89,
-148,
-564,
-384,
437,
813,
461,
265,
446,
255,
-281,
-218,
421,
527,
-73,
-372,
-163,
-283,
-716,
-459,
494,
981,
725,
631,
882,
672,
34,
-24,
551,
687,
163,
-91,
140,
70,
-316,
-85,
780,
1176,
803,
553,
691,
462,
-181,
-285,
301,
563,
141,
-143,
26,
-43,
-472,
-408,
315,
750,
526,
389,
628,
570,
107,
78,
619,
761,
174,
-268,
-182,
-259,
-651,
-495,
365,
866,
551,
254,
368,
177,
-478,
-685,
-228,
-111,
-675,
-984,
-668,
-563,
-887,
-689,
256,
851,
612,
426,
709,
696,
170,
70,
678,
969,
472,
35,
117,
0,
-575,
-715,
-74,
407,
177,
-47,
164,
132,
-418,
-647,
-178,
124,
-220,
-458,
-158,
-29,
-373,
-336,
426,
928,
614,
307,
546,
614,
141,
-39,
476,
759,
246,
-273,
-245,
-302,
-765,
-826,
-146,
332,
36,
-311,
-234,
-356,
-909,
-1038,
-419,
-25,
-397,
-732,
-505,
-411,
-803,
-829,
-82,
488,
254,
-23,
227,
323,
-159,
-404,
67,
393,
-23,
-437,
-286,
-240,
-713,
-876,
-249,
245,
-77,
-489,
-374,
-372,
-945,
-1302,
-888,
-523,
-905,
-1384,
-1317,
-1219,
-1498,
-1429,
-554,
254,
250,
30,
203,
221,
-337,
-711,
-354,
-59,
-505,
-1027,
-973,
-934,
-1417,
-1668,
-1090,
-485,
-630,
-902,
-570,
-178,
-324,
-395,
225,
859,
769,
459,
578,
711,
473,
562,
1456,
2261,
2134,
1662,
1615,
1528,
867,
332,
634,
1078,
802,
287,
276,
338,
-67,
-258,
432,
1222,
1176,
797,
902,
1065,
695,
424,
914,
1412,
1055,
433,
373,
416,
-40,
-330,
208,
772,
446,
-188,
-264,
-226,
-739,
-1194,
-866,
-408,
-692,
-1226,
-1181,
-923,
-1077,
-1133,
-455,
305,
282,
-97,
-58,
41,
-375,
-742,
-375,
103,
-178,
-779,
-898,
-878,
-1307,
-1591,
-995,
-171,
-67,
-268,
40,
405,
65,
-410,
-114,
457,
317,
-210,
-239,
-2,
-169,
-327,
203,
847,
689,
119,
-19,
-34,
-573,
-1082,
-751,
-147,
-281,
-832,
-919,
-777,
-1057,
-1283,
-686,
184,
346,
106,
331,
768,
686,
458,
847,
1425,
1294,
743,
627,
763,
481,
141,
495,
1127,
1108,
637,
517,
575,
154,
-360,
-170,
332,
209,
-275,
-215,
173,
66,
-206,
274,
1159,
1372,
1041,
1089,
1372,
1074,
511,
619,
1082,
863,
145,
-103,
-23,
-423,
-954,
-659,
130,
312,
-33,
-22,
211,
-77,
-553,
-340,
227,
160,
-356,
-389,
-41,
-96,
-315,
139,
976,
1178,
787,
653,
755,
434,
-40,
158,
745,
718,
160,
-8,
196,
7,
-373,
-53,
757,
1001,
662,
627,
868,
595,
21,
109,
669,
613,
-49,
-313,
-131,
-341,
-824,
-653,
23,
134,
-365,
-543,
-362,
-616,
-1153,
-1046,
-443,
-402,
-976,
-1243,
-1132,
-1394,
-1875,
-1673,
-938,
-735,
-1150,
-1291,
-1078,
-1257,
-1706,
-1545,
-883,
-733,
-1191,
-1374,
-1161,
-1262,
-1566,
-1197,
-257,
169,
-122,
-270,
-95,
-313,
-871,
-871,
-292,
-128,
-560,
-707,
-387,
-395,
-787,
-656,
65,
375,
33,
-122,
81,
-120,
-676,
-599,
127,
367,
-144,
-447,
-276,
-397,
-826,
-619,
229,
620,
317,
241,
557,
421,
-165,
-197,
398,
538,
-22,
-329,
-91,
-77,
-382,
-155,
625,
906,
417,
76,
202,
52,
-499,
-561,
76,
479,
256,
106,
294,
186,
-248,
-133,
653,
1101,
827,
620,
778,
591,
-50,
-227,
261,
416,
-145,
-555,
-415,
-437,
-810,
-661,
206,
752,
512,
303,
543,
538,
93,
84,
761,
1142,
774,
471,
643,
592,
122,
126,
846,
1246,
855,
533,
717,
647,
52,
-150,
387,
698,
290,
-25,
204,
265,
-90,
26,
908,
1535,
1357,
1145,
1348,
1279,
706,
534,
1109,
1432,
930,
392,
374,
261,
-245,
-329,
350,
847,
582,
296,
493,
499,
-33,
-265,
232,
554,
103,
-371,
-295,
-274,
-640,
-600,
191,
765,
531,
276,
523,
526,
-106,
-457,
-9,
304,
-218,
-813,
-817,
-829,
-1279,
-1382,
-670,
-60,
-286,
-684,
-606,
-597,
-1075,
-1296,
-777,
-327,
-579,
-849,
-569,
-378,
-714,
-762,
13,
733,
630,
309,
372,
257,
-409,
-802,
-394,
-44,
-436,
-848,
-607,
-329,
-555,
-585,
128,
802,
719,
473,
707,
903,
608,
500,
1081,
1543,
1168,
587,
516,
490,
36,
-166,
436,
1046,
869,
473,
557,
585,
-18,
-539,
-239,
225,
14,
-387,
-269,
-92,
-401,
-531,
137,
823,
662,
218,
289,
392,
-93,
-511,
-153,
289,
-37,
-593,
-598,
-524,
-991,
-1327,
-795,
-115,
-228,
-649,
-545,
-350,
-734,
-1096,
-634,
75,
115,
-167,
-36,
177,
-44,
-112,
560,
1257,
1143,
732,
793,
874,
375,
-51,
336,
847,
545,
-119,
-287,
-265,
-667,
-955,
-421,
347,
439,
181,
302,
461,
76,
-297,
75,
636,
520,
132,
256,
510,
212,
-96,
376,
1049,
939,
399,
297,
311,
-257,
-860,
-636,
-125,
-344,
-941,
-992,
-770,
-1016,
-1280,
-744,
81,
203,
-60,
150,
522,
317,
8,
436,
1105,
1018,
467,
343,
421,
26,
-363,
87,
881,
986,
620,
613,
729,
281,
-287,
-136,
320,
167,
-302,
-220,
161,
97,
-31,
590,
1514,
1699,
1293,
1136,
1105,
586,
0,
156,
634,
465,
-99,
-147,
141,
