29490,
26501,
23681,
21066,
18678,
16532,
14638,
12997,
11602,
10444,
9507,
8771,
8215,
7811,
7534,
7356,
7249,
7188,
7144,
7094,
7013,
6884,
6685,
6403,
6028,
5550,
4962,
4261,
3444,
2519,
1486,
357,
-861,
-2159,
-3521,
-4936,
-6389,
-7864,
-9347,
-10817,
-12262,
-13663,
-15008,
-16281,
-17470,
-18563,
-19546,
-20412,
-21153,
-21757,
-22220,
-22538,
-22709,
-22729,
-22600,
-22322,
-21896,
-21328,
-20622,
-19782,
-18815,
-17728,
-16529,
-15228,
-13833,
-12358,
-10809,
-9196,
-7531,
-5825,
-4088,
-2332,
-569,
1188,
2930,
4644,
6319,
7946,
9513,
11011,
12433,
13769,
15010,
16150,
17181,
18098,
18893,
19562,
20101,
20505,
20773,
20902,
20893,
20745,
20458,
20039,
19489,
18809,
18005,
17082,
16045,
14903,
13662,
12331,
10920,
9439,
7895,
6300,
4666,
3004,
1324,
-361,
-2041,
-3703,
-5333,
-6923,
-8459,
-9932,
-11328,
-12640,
-13858,
-14971,
-15971,
-16848,
-17598,
-18213,
-18688,
-19024,
-19212,
-19253,
-19144,
-18887,
-18485,
-17942,
-17260,
-16445,
-15501,
-14437,
-13262,
-11983,
-10614,
-9166,
-7650,
-6076,
-4458,
-2810,
-1144,
525,
2183,
3815,
5408,
6946,
8420,
9816,
11121,
12323,
13414,
14383,
15219,
15921,
16479,
16887,
17142,
17244,
17189,
16979,
16617,
16107,
15453,
14661,
13738,
12694,
11537,
10279,
8931,
7509,
6022,
4484,
2912,
1319,
-277,
-1864,
-3426,
-4947,
-6413,
-7810,
-9124,
-10342,
-11452,
-12442,
-13302,
-14027,
-14609,
-15042,
-15323,
-15449,
-15422,
-15238,
-14901,
-14415,
-13787,
-13024,
-12133,
-11125,
-10012,
-8803,
-7514,
-6155,
-4744,
-3297,
-1828,
-353,
1112,
2551,
3950,
5293,
6565,
7755,
8847,
9832,
10702,
11446,
12055,
12525,
12850,
13024,
13050,
12927,
12657,
12246,
11699,
11021,
10223,
9315,
8307,
7212,
6044,
4819,
3552,
2257,
948,
-357,
-1644,
-2896,
-4100,
-5242,
-6308,
-7287,
-8163,
-8933,
-9584,
-10112,
-10509,
-10775,
-10903,
-10894,
-10752,
-10480,
-10082,
-9566,
-8942,
-8214,
-7396,
-6495,
-5526,
-4502,
-3436,
-2343,
-1239,
-138,
945,
1997,
3002,
3947,
4822,
5613,
6314,
6914,
7409,
7794,
8065,
8219,
8256,
8178,
7987,
7689,
7288,
6791,
6210,
5553,
4834,
4062,
3252,
2413,
1560,
706,
-140,
-962,
-1751,
-2493,
-3181,
-3804,
-4355,
-4826,
-5213,
-5513,
-5720,
-5838,
-5865,
-5803,
-5657,
-5431,
-5129,
-4763,
-4337,
-3861,
-3344,
-2796,
-2227,
-1646,
-1065,
-495,
57,
580,
1066,
1509,
1904,
2246,
2529,
2752,
2915,
3015,
3052,
3033,
2957,
2831,
2660,
2450,
2206,
1937,
1650,
1352,
1049,
751,
463,
193,
-54,
-276,
-468,
-626,
-749,
-836,
-886,
-902,
-884,
-836,
-761,
-665,
-550,
-424,
-292,
-160,
-35,
77,
172,
246,
294,
310,
295,
245,
162,
44,
-107,
-288,
-494,
-720,
-961,
-1210,
-1461,
-1705,
-1938,
-2146,
-2325,
-2467,
-2567,
-2618,
-2614,
-2550,
-2424,
-2233,
-1979,
-1665,
-1290,
-863,
-390,
118,
655,
1206,
1764,
2312,
2839,
3332,
3778,
4164,
4478,
4713,
4858,
4907,
4851,
4690,
4421,
4041,
3559,
2978,
2307,
1558,
743,
-123,
-1020,
-1930,
-2834,
-3710,
-4539,
-5302,
-5980,
-6555,
-7012,
-7332,
-7508,
-7530,
-7391,
-7089,
-6628,
-6011,
-5248,
-4353,
-3340,
-2229,
-1042,
196,
1462,
2727,
3963,
5141,
6233,
7212,
8052,
8730,
9228,
9530,
9625,
9503,
9164,
8608,
7843,
6883,
5744,
4449,
3024,
1498,
-97,
-1725,
-3350,
-4934,
-6435,
-7821,
-9053,
-10101,
-10936,
-11534,
-11874,
-11945,
-11738,
-11254,
-10498,
-9484,
-8230,
-6761,
-5110,
-3312,
-1408,
559,
2541,
4491,
6360,
8102,
9672,
11028,
12131,
12951,
13464,
13651,
13502,
13014,
12194,
11058,
9629,
7937,
6022,
3926,
1699,
-602,
-2922,
-5203,
-7383,
-9407,
-11219,
-12770,
-14017,
-14921,
-15456,
-15601,
-15347,
-14695,
-13656,
-12254,
-10516,
-8487,
-6217,
-3762,
-1183,
1454,
4078,
6620,
9010,
11183,
13075,
14636,
15819,
16586,
16913,
16784,
16194,
15157,
13692,
11840,
9643,
7160,
4454,
1597,
-1332,
-4253,
-7087,
-9753,
-12174,
-14279,
-16007,
-17305,
-18128,
-18451,
-18256,
-17549,
-16340,
-14660,
-12552,
-10070,
-7284,
-4268,
-1111,
2101,
5272,
8311,
11128,
13640,
15769,
17449,
18628,
19265,
19335,
18830,
17762,
16152,
14049,
11508,
8603,
5418,
2045,
-1416,
-4861,
-8185,
-11287,
-14070,
-16445,
-18338,
-19685,
-20442,
-20580,
-20089,
-18980,
-17281,
-15040,
-12321,
-9205,
-5787,
-2169,
1534,
5208,
8735,
12001,
14901,
17344,
19245,
20542,
21189,
21161,
20450,
19078,
17080,
14517,
11468,
8027,
4306,
421,
-3501,
-7329,
-10941,
-14211,
-17034,
-19312,
-20966,
-21939,
-22193,
-21712,
-20510,
-18621,
-16103,
-13036,
-9519,
-5670,
-1615,
2507,
6561,
10405,
13908,
16947,
19416,
21224,
22306,
22620,
22152,
20911,
18937,
16290,
13063,
9361,
5313,
1056,
-3259,
-7482,
-11462,
-15058,
-18142,
-20598,
-22338,
-23293,
-23426,
-22726,
-21212,
-18934,
-15971,
-12425,
-8421,
-4100,
380,
4860,
9176,
13171,
16696,
19616,
21824,
23233,
23786,
23459,
22256,
20220,
17421,
13959,
9961,
5572,
955,
-3718,
-8271,
-12531,
-16335,
-19538,
-22014,
-23667,
-24428,
-24264,
-23175,
-21200,
-18409,
-14902,
-10817,
-6305,
-1540,
3296,
8015,
12431,
16371,
19678,
22220,
23892,
24623,
24381,
23172,
21039,
18061,
14354,
10061,
5350,
407,
-4570,
-9384,
-13839,
-17754,
-20966,
-23342,
-24781,
-25223,
-24644,
-23063,
-20541,
-17173,
-13096,
-8474,
-3495,
1637,
6712,
11519,
15856,
19544,
22425,
24376,
25311,
25185,
23999,
21800,
18670,
14742,
10176,
5163,
-83,
-5345,
-10393,
-15016,
-19011,
-22205,
-24459,
-25670,
-25782,
-24788,
-22724,
-19676,
-15771,
-11175,
-6086,
-723,
4680,
9887,
14664,
18805,
22121,
24466,
25729,
25853,
24827,
22689,
19531,
15489,
10741,
5496,
-14,
-5540,
-10833,
-15655,
-19784,
-23031,
-25246,
-26324,
-26211,
-24908,
-22468,
-19001,
-14659,
-9639,
-4172,
1495,
7096,
12377,
17088,
21010,
23957,
25788,
26413,
25797,
23965,
20996,
17030,
12246,
6868,
1149,
-4642,
-10232,
-15350,
-19756,
-23234,
-25615,
-26782,
-26673,
-25290,
-22693,
-19004,
-14397,
-9092,
-3342,
2576,
8375,
13769,
18495,
22321,
25054,
26557,
26752,
25624,
23225,
19668,
15123,
9817,
4006,
-2020,
-7959,
-13519,
-18417,
-22408,
-25286,
-26903,
-27175,
-26080,
-23670,
-20066,
-15443,
-10034,
-4112,
2024,
8062,
13691,
18625,
22606,
25425,
26933,
27049,
25759,
23130,
19290,
14435,
8815,
2718,
-3535,
-9620,
-15215,
-20028,
-23801,
-26333,
-27485,
-27191,
-25464,
-22389,
-18124,
-12893,
-6971,
-672,
5669,
11714,
17133,
21639,
24984,
26984,
27528,
26581,
24190,
20481,
15648,
9953,
3702,
-2766,
-9097,
-14944,
-19982,
-23935,
-26580,
-27769,
-27429,
-25575,
-22306,
-17800,
-12303,
-6116,
415,
6930,
13061,
18464,
22831,
25919,
27544,
27614,
26118,
23137,
18833,
13448,
7284,
690,
-5957,
-12278,
-17911,
-22530,
-25867,
-27726,
-27996,
-26657,
-23781,
-19530,
-14148,
-7942,
-1272,
5473,
11902,
17637,
22340,
25733,
27614,
27865,
26470,
23503,
19135,
13622,
7288,
509,
-6316,
-12781,
-18497,
-23120,
-26373,
-28057,
-28064,
-26389,
-23129,
-18476,
-12706,
-6165,
752,
7625,
14038,
19598,
23965,
26868,
28125,
27657,
25485,
21738,
16644,
10508,
3709,
-3333,
-10187,
-16423,
-21653,
-25549,
-27865,
-28450,
-27264,
-24376,
-19963,
-14299,
-7735,
-684,
6412,
13103,
18965,
23625,
26784,
28235,
27883,
25748,
21958,
16752,
10460,
3484,
-3733,
-10726,
-17044,
-22277,
-26082,
-28211,
-28520,
-26984,
-23698,
-18871,
-12815,
-5922,
1360,
8556,
15195,
20836,
25108,
27722,
28503,
27395,
24465,
19902,
14006,
7166,
-165,
-7498,
-14343,
-20242,
-24796,
-27699,
-28750,
-27872,
-25122,
-20677,
-14836,
-7990,
