0,
683,
560,
207,
324,
400,
-88,
-435,
-12,
432,
109,
-393,
-335,
-203,
-546,
-694,
-34,
671,
575,
212,
315,
408,
-66,
-436,
-35,
428,
130,
-383,
-344,
-199,
-530,
-704,
-66,
659,
590,
218,
306,
415,
-44,
-436,
-59,
423,
152,
-373,
-353,
-196,
-514,
-711,
-98,
644,
605,
225,
296,
420,
-22,
-435,
-82,
417,
173,
-361,
-362,
-194,
-498,
-718,
-130,
629,
618,
233,
287,
425,
0,
-432,
-105,
410,
193,
-349,
-370,
-193,
-482,
-723,
-162,
612,
632,
241,
278,
429,
23,
-428,
-128,
402,
213,
-336,
-379,
-193,
-466,
-727,
-194,
595,
644,
251,
269,
432,
45,
-423,
-149,
392,
233,
-322,
-386,
-193,
-450,
-730,
-225,
576,
656,
261,
261,
434,
67,
-417,
-171,
381,
252,
-307,
-394,
-194,
-433,
-731,
-256,
555,
668,
271,
252,
435,
89,
-410,
-193,
370,
270,
-292,
-401,
-196,
-418,
-732,
-286,
534,
678,
283,
244,
435,
110,
-402,
-212,
357,
287,
-276,
-408,
-198,
-402,
-731,
-315,
512,
688,
295,
237,
435,
131,
-392,
-232,
343,
304,
-258,
-413,
-202,
-386,
-729,
-344,
488,
697,
307,
230,
433,
152,
-381,
-253,
328,
320,
-241,
-419,
-205,
-371,
-725,
-373,
464,
705,
320,
223,
431,
173,
-371,
-271,
313,
335,
-222,
-424,
-210,
-357,
-721,
-400,
439,
711,
334,
217,
428,
193,
-358,
-289,
296,
349,
-203,
-428,
-215,
-342,
-716,
-427,
413,
717,
348,
212,
425,
212,
-344,
-306,
278,
362,
-184,
-431,
-221,
-328,
-709,
-453,
385,
722,
363,
207,
420,
231,
-330,
-323,
260,
375,
-164,
-433,
-227,
-315,
-702,
-477,
358,
726,
378,
202,
415,
249,
-314,
-338,
241,
386,
-143,
-435,
-234,
-302,
-693,
-501,
329,
729,
393,
199,
410,
266,
-298,
-352,
221,
396,
-122,
-436,
-242,
-290,
-684,
-524,
300,
730,
409,
196,
403,
283,
-281,
-365,
201,
405,
-101,
-436,
-249,
-278,
-674,
-546,
270,
731,
425,
194,
397,
299,
-263,
-378,
180,
413,
-79,
-436,
-257,
-267,
-663,
-567,
240,
730,
440,
193,
389,
314,
-243,
-389,
159,
419,
-58,
-434,
-266,
-257,
-651,
-586,
208,
728,
457,
192,
382,
328,
-224,
-398,
137,
425,
-35,
-432,
-275,
-247,
-639,
-605,
177,
724,
473,
192,
374,
342,
-205,
-408,
114,
429,
-14,
-428,
-284,
-238,
-626,
-622,
145,
720,
489,
193,
365,
354,
-184,
-415,
92,
432,
10,
-424,
-293,
-230,
-613,
-638,
113,
714,
505,
194,
356,
366,
-164,
-421,
69,
434,
32,
-419,
-302,
-223,
-598,
-653,
81,
707,
521,
197,
347,
377,
-143,
-427,
46,
435,
54,
-412,
-311,
-216,
-584,
-666,
49,
698,
537,
200,
338,
387,
-122,
-431,
22,
435,
76,
-405,
-321,
-210,
-569,
-678,
16,
688,
553,
204,
329,
396,
-99,
-434,
0,
433,
99,
-397,
-330,
-205,
-554,
-689,
-17,
677,
568,
209,
320,
404,
-78,
-437,
-24,
430,
120,
-388,
-339,
-201,
-538,
-699,
-50,
665,
583,
215,
310,
411,
-55,
-436,
-48,
426,
141,
-378,
-348,
-198,
-522,
-708,
-83,
652,
597,
222,
301,
418,
-33,
-435,
-71,
420,
163,
-367,
-357,
-195,
-506,
-715,
-114,
637,
612,
229,
292,
423,
-11,
-433,
-94,
414,
183,
-355,
-366,
-194,
-490,
-721,
-146,
621,
625,
237,
283,
427,
12,
-430,
-115,
406,
204,
-343,
-375,
-193,
-474,
-725,
-179,
604,
638,
246,
274,
431,
34,
-426,
-139,
397,
224,
-329,
-383,
-193,
-458,
-729,
-209,
585,
650,
256,
265,
433,
56,
-420,
-160,
387,
242,
-315,
-390,
-193,
-441,
-731,
-241,
566,
662,
266,
256,
435,
78,
-414,
-181,
376,
262,
-300,
-398,
-195,
-426,
-732,
-271,
545,
673,
277,
248,
435,
100,
-406,
-203,
363,
279,
-284,
-404,
-197,
-410,
-731,
-301,
523,
683,
289,
241,
435,
121,
-397,
-222,
350,
297,
-267,
-411,
-200,
-394,
-730,
-330,
500,
692,
301,
233,
434,
142,
-387,
-242,
336,
312,
-250,
-416,
-203,
-379,
-727,
-359,
476,
701,
314,
226,
432,
163,
-376,
-261,
321,
328,
-232,
-421,
-208,
-364,
-723,
-386,
452,
708,
327,
220,
430,
183,
-363,
-279,
305,
343,
-213,
-426,
-213,
-349,
-718,
-414,
426,
715,
341,
214,
427,
202,
-350,
-297,
288,
357,
-194,
-429,
-218,
-335,
-712,
-440,
399,
720,
356,
209,
423,
221,
-336,
-314,
270,
370,
-174,
-432,
-224,
-321,
-706,
-465,
372,
724,
370,
204,
418,
240,
-321,
-329,
251,
381,
-153,
-434,
-231,
-308,
-698,
-489,
343,
728,
385,
201,
412,
257,
-305,
-344,
231,
392,
-132,
-436,
-238,
-296,
-689,
-513,
314,
730,
401,
197,
407,
275,
-289,
-358,
212,
402,
-111,
-436,
-245,
-284,
-679,
-535,
285,
731,
417,
195,
400,
291,
-272,
-372,
191,
409,
-90,
-436,
-253,
-272,
-669,
-556,
255,
730,
432,
193,
393,
306,
-254,
-382,
169,
416,
-68,
-435,
-262,
-262,
-657,
-577,
224,
729,
449,
192,
385,
321,
-235,
-394,
148,
422,
-46,
-433,
-270,
-252,
-645,
-596,
193,
726,
465,
192,
378,
335,
-215,
-404,
126,
427,
-24,
-430,
-279,
-242,
-633,
-613,
161,
722,
481,
192,
369,
348,
-195,
-411,
103,
432,
-1,
-426,
-288,
-234,
-619,
-630,
129,
717,
497,
193,
361,
360,
-175,
-418,
80,
435,
21,
-421,
-297,
-226,
-606,
-645,
97,
710,
513,
195,
352,
372,
-154,
-424,
58,
436,
43,
-416,
-307,
-219,
-591,
-660,
64,
703,
529,
198,
343,
382,
-132,
-430,
34,
435,
66,
-409,
-316,
-213,
-576,
-672,
32,
693,
545,
202,
334,
392,
-111,
-434,
11,
434,
88,
-401,
-325,
-208,
-561,
-684,
-1,
683,
560,
207,
324,
400,
-89,
-436,
-13,
432,
110,
-393,
-335,
-203,
-546,
-694,
-34,
671,
575,
212,
315,
408,
-67,
-437,
-36,
428,
131,
-383,
-344,
-199,
-530,
-704,
-66,
659,
590,
218,
306,
415,
-44,
-437,
-58,
424,
153,
-373,
-353,
-196,
-514,
-711,
-99,
644,
605,
225,
296,
420,
-22,
-436,
-82,
417,
174,
-361,
-362,
-194,
-498,
-718,
-131,
629,
618,
233,
287,
425,
0,
-433,
-105,
410,
194,
-349,
-370,
-193,
-482,
-723,
-163,
612,
632,
241,
278,
429,
23,
-429,
-128,
402,
214,
-336,
-379,
-193,
-466,
-727,
-194,
595,
644,
251,
269,
432,
45,
-424,
-150,
392,
234,
-322,
-386,
-193,
-450,
-730,
-226,
576,
656,
261,
261,
434,
67,
-418,
-171,
381,
253,
-307,
-394,
-194,
-433,
-731,
-256,
555,
668,
271,
252,
435,
89,
-411,
-193,
370,
271,
-292,
-401,
-196,
